#z_min  z_max  rho   err_neg  err_pos
0.07    -0.07  8.59  -0.01    +0.01
0.005   -0.22  8.78  -0.08    +0.07
0.0     -0.2   8.59  -0.05    +0.05
0.2     -0.3   8.56  -0.09    +0.09
0.3     -0.4   8.59  -0.06    +0.06
0.4     -0.5   8.55  -0.08    +0.08
0.2     -0.4   8.46  -0.12    +0.09
0.4     -0.6   8.33  -0.03    +0.03
0.6     -0.8   8.45  -0.1     +0.08
0.8     -1.0   8.42  -0.06    +0.05
1.0     -1.2   8.25  -0.04    +0.04
1.2     -1.5   8.14  -0.06    +0.06
1.5     -2.0   8.16  -0.03    +0.32
0.0     -0.2   8.75  -0.12    +0.12
0.2     -0.4   8.61  -0.06    +0.06
0.4     -0.6   8.57  -0.04    +0.04
0.6     -0.8   8.52  -0.05    +0.05
0.8     -1.0   8.44  -0.05    +0.05
1.0     -1.3   8.35  -0.05    +0.05
1.3     -1.6   8.18  -0.07    +0.07
1.6     -2.0   8.02  -0.07    +0.07
2.0     -2.5   7.87  -0.09    +0.09
2.5     -3.0   7.76  -0.18    +0.18
3.0     -3.5   7.63  -0.14    +0.14
3.5     -4.0   7.49  -0.13    +0.13
0.2     -0.5   8.55  -0.09    +0.08
0.5     -0.8   8.47  -0.08    +0.07
0.8     -1.1   8.50  -0.08    +0.08
1.1     -1.5   8.34  -0.07    +0.10
1.5     -2.0   8.11  -0.06    +0.05
2.0     -2.5   7.87  -0.08    +0.08
2.5     -3.0   7.64  -0.14    +0.15
3.0     -4.0   7.24  -0.20    +0.18
0.2     -0.5   8.61  -0.06    +0.06
0.5     -1.0   8.46  -0.03    +0.03
1.0     -1.5   8.22  -0.03    +0.03
1.5     -2.0   7.99  -0.03    +0.05
2.0     -2.5   7.63  -0.04    +0.11
2.5     -3.0   7.52  -0.09    +0.13
3.0     -4.0   6.84  -0.20    +0.43
0.3     -0.3   8.78  -0.16    +0.12
0.5     -0.5   8.64  -0.11    +0.09
0.7     -0.7   8.62  -0.10    +0.08
0.9     -0.9   8.70  -0.15    +0.11
1.1     -1.1   8.51  -0.11    +0.08
1.35    -1.35  8.39  -0.13    +0.10
1.75    -1.75  8.13  -0.13    +0.10
0.1     -0.35  8.58  -0.00    +0.00
0.35    -0.55  8.49  -0.00    +0.00
0.55    -0.75  8.50  -0.00    +0.00
0.75    -1.00  8.42  -0.00    +0.00
0.5     -1.0   8.63  -0.00    +0.00
1.0     -1.5   8.30  -0.00    +0.00
1.5     -2.5   8.04  -0.00    +0.00
2.5     -3.5   7.74  -0.00    +0.00
1.3     -2.0   8.11  -0.02    +0.02
2.0     -3.0   7.75  -0.04    +0.05
3.0     -4.0   7.47  -0.13    +0.37
1.9     -2.7   8.10  -0.03    +0.03
2.7     -3.4   7.87  -0.03    +0.03
3.0     -3.5   7.32  -0.02    +0.04
3.5     -4.25  7.05  -0.10    +0.11
4.25    -5.0   6.37  -0.54    +0.14
3.8     -3.8   7.24  -0.06    +0.06
5.0     -5.0   6.87  -0.09    +0.08
5.9     -5.9   6.79  -0.09    +0.09
6.8     -6.8   6.46  -0.17    +0.14
3.7     -3.7   7.30  -0.09    +0.07
5.0     -5.0   6.75  -0.16    +0.33
5.0     -5.0   7.19  -0.35    +0.19
8.0     -8.0   5.78  -0.30    +0.22
